0,0,86
1,19,0,27,84
2,7,26,39,46,71,77,91
3,7,77,26,92
4,7,57,13,38
5,7,24,81,93,94
6,7,77,14,17,26
7,3,26,76,95
8,3,35
9,14,23,26,7,39,96,97,98,77
10,14,17,76
11,20,23
12,61,6
13,6,46
14,21,54,54
15,23,62
16,24,81
17,99,63,52
18,33,38
19,32,47
20,50,59
21,56,54,55
22,13,38,57
23,100,52
24,25,32
25,59,65
26,53,85
27,4,45
28,4,45,63
29,4,46
30,3,5,43
31,67,101
32,8,101
33,45,67
34,8,9
35,11,56
36,12,95
37,15,43
38,16,46,60
39,18,23
40,22,0,34
41,23,31,20,28,83,62
42,29,45
43,30,64
44,64,69
45,52,69
46,36,8
47,37,59
48,37,66
49,40,46
50,41,71
51,42,59
52,44,38,33,13
53,48,37
54,0,49
55,51,59
56,40,58
57,19,68
58,34,68
59,89,70,15
60,0,72,84
61,44,73,84
62,75,29
63,59,102
64,102,79
65,16,80,84
66,87,74
67,21,88
68,90,81,18,7
69,102,47
70,102,53
71,32,25
72,25,34
73,54,55
